2.876807248717478394e-01 4.264058115440583774e-01 3.000000000000000000e+00
7.394710486308422315e-01 -5.880626627627832947e-02 2.000000000000000000e+00
5.722488371330930468e-01 6.974312042241009868e-01 1.000000000000000000e+00
1.177090269652544041e+00 1.343249117208546561e+00 1.000000000000000000e+00
8.803150132469186318e-01 1.751541967199735650e+00 4.000000000000000000e+00
5.359985786319620971e-01 1.430389659040753214e+00 1.000000000000000000e+00
6.984336969878948698e-02 1.672982500134491402e-01 3.000000000000000000e+00
2.855762355858244561e-01 2.056412730015374779e-01 3.000000000000000000e+00
1.074819860111625669e+00 7.357332380748949907e-01 1.000000000000000000e+00
6.996895106398283160e-01 8.530651052039015525e-01 1.000000000000000000e+00
6.430334497874096167e-01 2.725537872603245315e-01 2.000000000000000000e+00
9.269145569459126266e-01 -4.039231444202329158e-02 2.000000000000000000e+00
3.251086253935787096e-01 3.662664613398152746e-01 3.000000000000000000e+00
1.501623529516583400e+00 1.163234803233792691e+00 1.000000000000000000e+00
8.221602511520642587e-01 8.600221065005645427e-01 1.000000000000000000e+00
4.410664018524155239e-01 3.206633248448748086e-01 3.000000000000000000e+00
1.853020203895485163e-01 4.275135027547564692e-01 3.000000000000000000e+00
8.713034623152795533e-01 3.701349964414891724e-01 2.000000000000000000e+00
1.421734530433549359e+00 1.151973854194301206e+00 1.000000000000000000e+00
1.398667694178351795e+00 1.307567264975667554e+00 1.000000000000000000e+00
1.003242087584185427e+00 3.368779424366530328e-02 2.000000000000000000e+00
1.261721990614357303e+00 1.273046276780795738e+00 1.000000000000000000e+00
5.365081352081351174e-01 1.792618105263354522e+00 1.000000000000000000e+00
4.447514727628648634e-01 3.219328052811714080e-01 3.000000000000000000e+00
3.414310996962087730e-01 5.006403534656715948e-01 4.000000000000000000e+00
1.477850680903436853e+00 1.493461391599446131e+00 1.000000000000000000e+00
1.744659386340924545e+00 1.706272710615962751e+00 1.000000000000000000e+00
5.082000167978183436e-01 1.714936369646056225e+00 1.000000000000000000e+00
1.237246968647972345e+00 -3.781541919330072554e-01 2.000000000000000000e+00
9.016198985890886419e-01 6.555553339614795805e-01 1.000000000000000000e+00
3.437921952048488827e-01 7.903160106763403026e-02 3.000000000000000000e+00
9.104904104516417518e-02 4.957988863641907828e-01 4.000000000000000000e+00
7.966110976478797401e-01 2.213008053520582608e-01 2.000000000000000000e+00
1.114379129334995389e+00 3.004618120555067606e-01 2.000000000000000000e+00
1.176043947263158085e+00 1.225164362862472434e+00 1.000000000000000000e+00
8.173102407802872449e-01 -6.709066688470211037e-03 2.000000000000000000e+00
8.927177748982361161e-01 6.094167804219858819e-01 1.000000000000000000e+00
3.328664000037748760e-01 1.959564966928906138e-01 3.000000000000000000e+00
5.543508131888761348e-01 4.151821016179881307e-01 2.000000000000000000e+00
6.238802617082640500e-01 3.194361358026649444e-01 2.000000000000000000e+00
3.897352050272273605e-01 1.282030682581906389e-01 3.000000000000000000e+00
4.706966589576448423e-01 6.547526845311444355e-01 4.000000000000000000e+00
9.889555919566479503e-01 -3.540426995995789028e-01 2.000000000000000000e+00
2.326063643167382011e-01 1.079704907555787269e-01 2.000000000000000000e+00
3.336180484692042314e-01 4.519153480000658862e-01 3.000000000000000000e+00
1.797575539446803372e+00 1.611607181073094974e+00 1.000000000000000000e+00
3.622348441431486599e-01 1.373209939552277215e+00 1.000000000000000000e+00
1.433300505577584705e+00 1.072774285845889075e+00 1.000000000000000000e+00
1.078103216507627637e+00 -8.020205958490839171e-02 2.000000000000000000e+00
5.392974625070134920e-01 1.478530099316433422e+00 1.000000000000000000e+00
5.762233952748783139e-01 1.257975540909387902e-01 2.000000000000000000e+00
5.551292235376472650e-01 1.638769862033476077e+00 1.000000000000000000e+00
5.680626827099339859e-01 1.368990988084529459e+00 1.000000000000000000e+00
3.387204555844287590e-01 1.093799752603435760e+00 4.000000000000000000e+00
4.806748290783287580e-01 1.488132391528416143e+00 4.000000000000000000e+00
1.573530957596525948e+00 1.911490776318287121e+00 1.000000000000000000e+00
1.269906664179062616e+00 -1.847532054004347168e-02 2.000000000000000000e+00
1.353081885253626160e+00 -3.360023728439374691e-01 2.000000000000000000e+00
3.895209167459300348e-01 6.769674013746980190e-01 4.000000000000000000e+00
1.616690738897363477e+00 1.767702088089730506e+00 1.000000000000000000e+00
9.555839188856235511e-01 -3.224914448039885029e-01 2.000000000000000000e+00
1.390815509140817863e+00 -3.446212675607776554e-01 2.000000000000000000e+00
1.039925678131727871e+00 -3.508808935022533770e-02 2.000000000000000000e+00
1.258776106187376342e+00 2.046258873358714481e-01 2.000000000000000000e+00
6.378970492625123390e-01 1.161773183755378192e+00 1.000000000000000000e+00
4.375431367775608482e-01 1.026912019502953965e+00 4.000000000000000000e+00
9.464228228464545145e-01 9.802671644172077370e-01 1.000000000000000000e+00
8.934277787793449832e-01 -2.669940830822241096e-01 2.000000000000000000e+00
5.802519306848314962e-01 1.239024350273188801e+00 1.000000000000000000e+00
7.689381411820250811e-01 1.068588741183871260e-01 2.000000000000000000e+00
8.329280910527331327e-01 2.041309958383703549e-01 2.000000000000000000e+00
8.862519138107149974e-01 -2.413613964897690645e-01 2.000000000000000000e+00
3.174626372028417354e-01 3.668554035328278617e-01 3.000000000000000000e+00
2.231577776740917007e-01 3.313364809644094855e-01 4.000000000000000000e+00
1.127757009513642661e+00 3.252613518893215927e-02 2.000000000000000000e+00
8.914472974350451384e-01 6.764747353333760982e-02 2.000000000000000000e+00
7.643431300767681291e-01 1.048028209905605745e+00 1.000000000000000000e+00
1.477926661420405074e-01 5.689161852573725309e-01 4.000000000000000000e+00
1.055930687376601229e+00 -3.764822478429798447e-01 2.000000000000000000e+00
9.397962544769480342e-01 1.058142764968205807e+00 1.000000000000000000e+00
2.844754531905276385e-01 4.536796647816416228e-01 3.000000000000000000e+00
3.182579522620040402e-01 2.361909153312904408e-01 3.000000000000000000e+00
7.448890448272827980e-01 1.847680707427631575e+00 1.000000000000000000e+00
4.540218895264563903e-01 1.642269442093605980e-01 3.000000000000000000e+00
3.362480992439491612e-01 3.936619360973110382e-01 3.000000000000000000e+00
1.237719114431435452e+00 1.264216099900380197e+00 1.000000000000000000e+00
1.430282921449882227e+00 1.554433821744347188e+00 1.000000000000000000e+00
4.817174314956866876e-01 1.750530255526597356e+00 4.000000000000000000e+00
1.240788531815587792e+00 -7.900040609194103336e-02 2.000000000000000000e+00
1.065486347168775882e+00 1.060724250975086269e+00 1.000000000000000000e+00
7.083283210657733697e-01 1.507111661053412321e+00 1.000000000000000000e+00
4.429079231319402177e-01 6.557658441801124116e-01 4.000000000000000000e+00
1.663471929465737187e+00 1.457814781454981112e+00 1.000000000000000000e+00
6.157058064753473392e-01 1.486186056305086600e+00 1.000000000000000000e+00
8.299066548677690447e-01 6.996920492776714795e-02 2.000000000000000000e+00
5.204890402984375664e-01 2.336077407597155625e-02 2.000000000000000000e+00
1.618303334616814748e+00 1.387460578507457409e+00 1.000000000000000000e+00
3.561947472689597771e-01 1.316995137829077400e+00 4.000000000000000000e+00
7.899335443793877864e-01 1.477403270550220249e+00 1.000000000000000000e+00
1.147915315052673746e+00 2.483651765508193554e-02 2.000000000000000000e+00
1.489311850092088552e+00 1.765266716396806324e+00 1.000000000000000000e+00
3.465157731412786823e-01 4.346906628534982220e-01 3.000000000000000000e+00
1.115132583805900301e+00 -1.135102288064755438e-01 2.000000000000000000e+00
3.013067702329937925e-01 3.945227885318540739e-01 3.000000000000000000e+00
6.727736896801901345e-01 2.619181529225548255e-01 2.000000000000000000e+00
1.724794974893233634e+00 1.865996638190178913e+00 1.000000000000000000e+00
4.506296903229401463e-01 6.819153651581519870e-01 4.000000000000000000e+00
1.019403214349610121e+00 5.868386774055524002e-01 1.000000000000000000e+00
5.483580768108433645e-01 1.047040597431184050e+00 1.000000000000000000e+00
1.381889896284095531e+00 1.332141277177054217e+00 1.000000000000000000e+00
1.570885909167453853e+00 1.777250830547498328e+00 1.000000000000000000e+00
1.692232625221905096e+00 1.541442841363965588e+00 1.000000000000000000e+00
9.200761828252645991e-01 -8.222176561710603515e-02 2.000000000000000000e+00
7.660947371088804303e-01 8.044613086060244944e-01 1.000000000000000000e+00
9.647426483022134569e-01 -1.664596195643651133e-01 2.000000000000000000e+00
9.289684270439639846e-01 -5.221906258569264381e-02 2.000000000000000000e+00
4.124832073110796249e-01 1.259306548667707082e+00 3.000000000000000000e+00
3.278656104258684256e-01 2.608776838364477713e-01 3.000000000000000000e+00
1.092195172241197554e+00 -2.466962382521132868e-01 2.000000000000000000e+00
9.930963990578946243e-02 3.018179276385678511e-01 3.000000000000000000e+00
2.714623154552704976e-01 1.438378642515532491e+00 4.000000000000000000e+00
5.051244355703408129e-01 5.469403493116389292e-01 1.000000000000000000e+00
7.073056577976789550e-01 5.966828679641611455e-01 1.000000000000000000e+00
1.267489073099758556e+00 1.292927318158362926e+00 1.000000000000000000e+00
3.584896016742682989e-01 1.151288989928415551e+00 4.000000000000000000e+00
3.680005240546687650e-01 6.093063651034873462e-01 4.000000000000000000e+00
2.118109497283272025e-01 3.955596286971393982e-01 3.000000000000000000e+00
3.924848912248660726e-01 1.528480330494951467e+00 4.000000000000000000e+00
8.889884853081311267e-01 -1.418840345617973786e-01 2.000000000000000000e+00
1.026085270402636418e+00 -2.395772188925617829e-01 2.000000000000000000e+00
5.118590172760697499e-01 1.449970339887570958e+00 1.000000000000000000e+00
1.118642569149230770e+00 1.018886402515719602e+00 1.000000000000000000e+00
9.645959445502807483e-01 8.303262750218509680e-02 2.000000000000000000e+00
1.296598221799944328e+00 -3.060339091225502961e-01 2.000000000000000000e+00
1.217561805492509475e+00 1.288545357390949331e+00 1.000000000000000000e+00
9.097918095395962634e-01 -2.500425339234756961e-01 2.000000000000000000e+00
5.368567831023151049e-01 1.527581824903076591e+00 1.000000000000000000e+00
4.879171709081755459e-01 1.406982930869805859e+00 4.000000000000000000e+00
7.057194330138589766e-01 1.468486791078929876e+00 1.000000000000000000e+00
3.620195467401937650e-01 1.850257376742974469e-01 3.000000000000000000e+00
1.103646731359260613e+00 5.375985656507142885e-02 2.000000000000000000e+00
5.758154387830343168e-01 2.900358936518226405e-01 2.000000000000000000e+00
6.941425294399258261e-01 9.630103808840639878e-01 1.000000000000000000e+00
1.511094593839761746e+00 1.630503628836657448e+00 1.000000000000000000e+00
5.632059519830077132e-01 5.790830645522807574e-01 1.000000000000000000e+00
7.402679904885323126e-01 1.532373655486172215e+00 1.000000000000000000e+00
8.101379528464113244e-01 7.787094803760954420e-01 1.000000000000000000e+00
9.452121699722513259e-01 2.215229762576561012e-01 2.000000000000000000e+00
7.323274933442949219e-01 -4.233933476746293278e-02 2.000000000000000000e+00
1.269900290802034482e+00 4.798291406940069503e-02 2.000000000000000000e+00
6.789329990785385460e-01 1.664869474100934443e+00 1.000000000000000000e+00
3.346763976466953228e-01 4.383915960746926910e-01 3.000000000000000000e+00
1.785167392436828759e+00 1.617733543929240181e+00 1.000000000000000000e+00
3.911726828681080237e-01 5.527755886983696243e-01 4.000000000000000000e+00
1.059779935821008490e+00 1.066878414218377813e+00 1.000000000000000000e+00
1.255659300699077718e+00 1.132747787444638998e+00 4.000000000000000000e+00
2.291187948787815065e-02 7.694913910740071028e-01 4.000000000000000000e+00
4.366673637071784575e-01 1.353283058656705062e+00 4.000000000000000000e+00
6.155242687964517234e-01 4.227724033168589468e-01 2.000000000000000000e+00
7.200063779449585866e-01 1.391052282183942168e+00 1.000000000000000000e+00
9.052469883459444144e-01 1.506238016233797161e+00 1.000000000000000000e+00
3.358511938528105367e-01 7.364255658879805821e-01 4.000000000000000000e+00
1.278644108870123475e+00 -8.029547731606245797e-02 2.000000000000000000e+00
2.220870465483451572e-01 1.125319117652108236e+00 4.000000000000000000e+00
1.160003164208535775e+00 1.566390027151037811e-02 2.000000000000000000e+00
6.736341710655826542e-01 1.323409340362722286e+00 1.000000000000000000e+00
1.791985048015350301e+00 1.487800802698673319e+00 1.000000000000000000e+00
2.994325089523091621e-01 1.977407413291807914e-01 3.000000000000000000e+00
3.828251432579889424e-01 1.306492916354284439e+00 4.000000000000000000e+00
1.135418205752033671e+00 7.699962201880797830e-01 1.000000000000000000e+00
1.429423522725076001e+00 1.346143388902573346e+00 1.000000000000000000e+00
6.058124279827596936e-01 5.876988733392528585e-01 1.000000000000000000e+00
1.145465313087193904e+00 -2.219994472617287662e-01 2.000000000000000000e+00
9.095294023064500744e-01 1.208013170897924482e+00 1.000000000000000000e+00
3.294231786919549210e-01 5.381963357679968585e-01 4.000000000000000000e+00
1.165514785854635527e+00 1.394829317507547906e+00 1.000000000000000000e+00
5.880775838269441946e-01 1.918666012915070107e-01 2.000000000000000000e+00
1.599010847695269355e+00 1.497947873641365391e+00 1.000000000000000000e+00
6.975740801525549539e-01 1.736456168919364274e+00 1.000000000000000000e+00
9.414749678067609873e-01 1.764426791246148873e+00 1.000000000000000000e+00
1.092587937343305171e+00 9.576305483523012141e-01 1.000000000000000000e+00
5.165674808709046495e-01 1.529098553763701407e+00 1.000000000000000000e+00
2.046691734231715631e-01 4.759153014437367268e-01 3.000000000000000000e+00
9.164841819611330154e-01 3.525015021318977926e-01 2.000000000000000000e+00
1.934287277005886374e-01 3.651412715825469446e-01 3.000000000000000000e+00
1.680825511359866464e+00 1.874944788917461302e+00 1.000000000000000000e+00
1.017727491832929543e+00 8.725907703126584147e-01 1.000000000000000000e+00
5.565746441775688558e-01 6.422841617360055544e-01 1.000000000000000000e+00
9.316427085845553624e-02 2.620727785815650246e-01 3.000000000000000000e+00
4.528346614445851737e-01 7.776472980618990283e-01 4.000000000000000000e+00
7.965542041557541753e-01 8.532289765101458423e-01 1.000000000000000000e+00
5.260934078778136680e-01 9.787545340879474365e-01 1.000000000000000000e+00
4.275056017172778611e-01 1.629068253864313309e+00 4.000000000000000000e+00
4.183661846271904405e-01 5.665180345058250522e-01 4.000000000000000000e+00
8.548922988347693597e-01 1.096922916882594023e+00 1.000000000000000000e+00
1.012221261022864027e+00 1.066838137078119919e-01 2.000000000000000000e+00
9.639818999487885787e-01 -7.123225859518411696e-02 2.000000000000000000e+00
1.108693105412861701e+00 -1.012688030356956315e-01 2.000000000000000000e+00
4.642240895032599401e-01 4.032226015354300475e-01 3.000000000000000000e+00
1.285151469031296845e+00 1.256991237778914972e+00 1.000000000000000000e+00
2.848132320541412188e-01 2.541291354233451427e-01 3.000000000000000000e+00
1.814775817296216065e+00 1.733983950475093572e+00 1.000000000000000000e+00
1.013732864312951287e+00 -3.254926565183691167e-02 2.000000000000000000e+00
7.381099781601112575e-01 2.674025906947312681e-01 2.000000000000000000e+00
4.406233545753148739e-01 5.592703102418419281e-01 4.000000000000000000e+00
1.235577910232730225e+00 1.105473884475310919e-01 2.000000000000000000e+00
4.853435001437417240e-01 1.589588781062462708e+00 3.000000000000000000e+00
6.211480763821728424e-01 1.425084486327174771e+00 1.000000000000000000e+00
9.000338588880828494e-01 -3.333823441751967431e-01 2.000000000000000000e+00
1.034513855985376152e+00 1.298081063749777719e+00 1.000000000000000000e+00
8.729898559419135839e-01 -5.606897507822183879e-02 2.000000000000000000e+00
5.375030412528205570e-01 1.399813558028055294e+00 1.000000000000000000e+00
9.441108972221949891e-01 -1.290261605474296025e-01 2.000000000000000000e+00
6.815668353925119494e-01 -1.307541749866458769e-01 2.000000000000000000e+00
2.827883979330405029e-01 6.567008988811913195e-01 4.000000000000000000e+00
7.875661831390796674e-01 2.023774203770663527e-01 2.000000000000000000e+00
7.192223761673530724e-01 1.257366192264837590e+00 1.000000000000000000e+00
1.373038548716951190e+00 1.618875888451423828e+00 1.000000000000000000e+00
7.956088457446373052e-01 2.909731886079220398e-01 2.000000000000000000e+00
2.689675423489118478e-01 1.090129372287454990e+00 4.000000000000000000e+00
1.532646606423121449e-01 1.160222063702389533e-01 4.000000000000000000e+00
5.072408925550520031e-01 1.648583944395238365e+00 1.000000000000000000e+00
3.648234835952808286e-01 1.424926636216260700e+00 4.000000000000000000e+00
1.146770806184917779e+00 -1.054263635004911159e-01 2.000000000000000000e+00
1.191440916345418488e+00 -2.338120770812546767e-01 2.000000000000000000e+00
2.935791317582315263e-01 4.205006933783722034e-01 3.000000000000000000e+00
9.790705892276063693e-01 1.189720775369608852e+00 1.000000000000000000e+00
1.449567458215894167e+00 -3.934549126479823244e-01 2.000000000000000000e+00
8.963438827824432575e-01 7.634899978029513479e-02 2.000000000000000000e+00
4.155316239364508224e-01 6.553377256751615754e-01 4.000000000000000000e+00
1.069950129335842437e+00 7.238046749846900330e-01 1.000000000000000000e+00
8.394234165713014839e-01 2.018908762278703861e-02 2.000000000000000000e+00
9.490500292632481072e-02 1.001322081682347598e+00 3.000000000000000000e+00
2.378096248690002024e-01 1.063786359755109601e+00 4.000000000000000000e+00
4.140533088790835925e-01 5.353440630977917003e-01 4.000000000000000000e+00
1.368990415801682126e+00 1.320411013000295952e+00 1.000000000000000000e+00
1.038055229826764014e+00 1.591809649158902884e-01 2.000000000000000000e+00
1.032560203195706933e-01 2.642169808175029999e-01 3.000000000000000000e+00
1.088766482857989271e+00 -5.096475703469621754e-02 2.000000000000000000e+00
1.142042116670751728e+00 1.792049759799110853e-01 2.000000000000000000e+00
1.152358250123068029e+00 1.080356267695766759e-01 2.000000000000000000e+00
1.820639915864855074e-01 1.056766221499553904e+00 4.000000000000000000e+00
6.646420106447807896e-01 1.265051261898969548e+00 1.000000000000000000e+00
7.650447081714059072e-01 1.931721058959540160e-01 2.000000000000000000e+00
9.632010096523364595e-01 -2.986080717313882582e-02 2.000000000000000000e+00
1.806782431114181797e+00 1.419038698551017053e+00 1.000000000000000000e+00
8.040500394379780369e-01 6.260712953535262359e-01 1.000000000000000000e+00
7.806164500691442631e-01 1.856872144638231914e-01 2.000000000000000000e+00
1.716300263780201174e+00 1.611840454682720081e+00 1.000000000000000000e+00
5.852826853437329557e-01 4.088093302545072194e-01 2.000000000000000000e+00
5.502540759716996188e-01 2.126840589535322068e-01 2.000000000000000000e+00
8.683248033075736672e-01 2.747215265302494491e-01 2.000000000000000000e+00
3.125869781009082971e-01 2.294443667560730482e-01 3.000000000000000000e+00
1.393676265177009377e+00 1.622992822389924150e+00 1.000000000000000000e+00
1.415462858926439305e+00 1.544026038694790381e+00 1.000000000000000000e+00
3.074824880727108356e-01 2.494315475720903230e-01 3.000000000000000000e+00
5.157884662175826751e-01 1.918974998825804801e-01 2.000000000000000000e+00
7.568443902893274844e-01 7.586343871125498239e-01 1.000000000000000000e+00
1.520118489742643408e+00 1.778390170073415488e+00 1.000000000000000000e+00
1.240617964646617555e-01 1.091188985925096944e+00 4.000000000000000000e+00
1.257041259154587198e+00 4.757064487353146465e-02 2.000000000000000000e+00
1.538593218298463849e+00 1.816830370805981643e+00 1.000000000000000000e+00
1.370927826588499987e-01 5.173641349645448084e-01 4.000000000000000000e+00
8.031478538262690758e-01 8.239294660085395572e-01 1.000000000000000000e+00
8.941360156723170416e-01 -2.294187287592556190e-01 2.000000000000000000e+00
2.652465522487337246e-01 1.020198442687893170e+00 4.000000000000000000e+00
2.166610203574210192e-01 1.223371233701205263e+00 4.000000000000000000e+00
6.473049074965249172e-01 1.556890576377511604e+00 1.000000000000000000e+00
8.453319206651612738e-01 1.418512464827986763e-02 2.000000000000000000e+00
1.030965147140603833e+00 3.456840837606300898e-02 2.000000000000000000e+00
9.153433918252249502e-01 2.108792939935275057e-01 2.000000000000000000e+00
6.953592607962777450e-01 3.026551546425417794e-01 2.000000000000000000e+00
9.105889932528963282e-01 -2.645177719589920096e-01 2.000000000000000000e+00
1.913916173508629637e+00 1.851778719028599030e+00 2.000000000000000000e+00
9.666178131125544581e-01 8.727977399941493353e-01 1.000000000000000000e+00
7.149010915329876426e-01 1.944051587451928853e+00 1.000000000000000000e+00
1.034192242136833695e+00 1.584391261243714433e-01 2.000000000000000000e+00
1.011827071339384654e+00 -1.298377242043111113e-01 2.000000000000000000e+00
4.522484207701875647e-01 1.117352157472703278e-01 2.000000000000000000e+00
8.590449594016591472e-01 8.279064342202206994e-01 1.000000000000000000e+00
3.965810884693360960e-01 5.470523128115396538e-01 4.000000000000000000e+00
7.944313766372896879e-01 5.914848305325027811e-01 1.000000000000000000e+00
9.073076015637098202e-01 4.026042959025904477e-01 2.000000000000000000e+00
4.367520160213970715e-01 1.165820556567722655e+00 4.000000000000000000e+00
1.033288218188959995e+00 -1.054918012910279757e-01 2.000000000000000000e+00
1.073691435546484607e+00 -3.520748415561513744e-01 2.000000000000000000e+00
5.752449537621719955e-01 4.089964347314579141e-01 2.000000000000000000e+00
7.831463953860307026e-01 1.261288599582199854e+00 1.000000000000000000e+00
1.498344636976377098e+00 1.384288618652286251e+00 1.000000000000000000e+00
1.146134833856124358e+00 -2.530343365431790836e-01 2.000000000000000000e+00
1.193249727561864315e+00 1.224106575366156413e+00 1.000000000000000000e+00
1.439257098610741692e-01 2.243364821570776324e-01 3.000000000000000000e+00
1.184903746673733771e+00 1.042177594535713681e+00 1.000000000000000000e+00
1.102694612222830051e+00 -2.367656292333298329e-01 2.000000000000000000e+00
3.627913381633809248e-02 3.845892728134389094e-01 4.000000000000000000e+00
5.124350784257390989e-01 2.958670021098009917e-01 2.000000000000000000e+00
1.743456977091454585e-01 1.396208081149569458e-01 3.000000000000000000e+00
5.163493515193591232e-01 1.312969188718195346e+00 1.000000000000000000e+00
6.308245426820269230e-01 6.515252579951068546e-01 1.000000000000000000e+00
9.309295626461504547e-01 1.622730990538022944e+00 1.000000000000000000e+00
5.514600207234842122e-01 1.368824613018709280e-01 2.000000000000000000e+00
7.300762818976569424e-01 1.459638627090373619e+00 1.000000000000000000e+00
7.057994225327555160e-01 7.288628423415715041e-01 1.000000000000000000e+00
9.915130299768226685e-01 5.964614301596221635e-02 2.000000000000000000e+00
5.690911736725090542e-01 2.196148005843629181e-01 2.000000000000000000e+00
6.086968959653007438e-01 3.445240710828861852e-01 2.000000000000000000e+00
8.470687068788296248e-01 -3.032478067493477036e-02 2.000000000000000000e+00
4.363297409382546066e-01 1.288567648007777899e+00 4.000000000000000000e+00
1.172567408947360557e+00 -8.823800027379269384e-02 2.000000000000000000e+00
1.374596473201012747e+00 4.215385070309868309e-02 2.000000000000000000e+00
9.630833888818796096e-01 -1.334155887088052106e-01 2.000000000000000000e+00
1.281609065146365856e+00 1.543157096479806256e+00 1.000000000000000000e+00
7.136093942341829033e-01 8.801172679332225357e-03 2.000000000000000000e+00
9.245372249016752253e-01 3.140893010090478610e-02 2.000000000000000000e+00
7.080875676924596185e-01 2.650721909256792408e-01 2.000000000000000000e+00
6.589214410550927603e-01 1.596949385478389605e+00 1.000000000000000000e+00
1.192140053972474023e+00 8.937569935837996749e-01 1.000000000000000000e+00
1.496659904043672995e+00 1.743246043979638449e+00 1.000000000000000000e+00
8.785820230361289784e-01 2.534951599054655613e-01 2.000000000000000000e+00
1.565464762228474527e+00 1.830732232974522367e+00 1.000000000000000000e+00
1.020248922670784708e+00 -4.333677798274807036e-01 2.000000000000000000e+00
7.599611286221850115e-01 1.547466536938152171e+00 1.000000000000000000e+00
8.830978261594147893e-01 2.380130529578012855e-01 2.000000000000000000e+00
1.226877110460659281e+00 8.222974974655455904e-01 1.000000000000000000e+00
1.599393540413399095e-01 1.156241926544206572e-01 3.000000000000000000e+00
3.967518056145014071e-01 1.429492744607563370e+00 4.000000000000000000e+00
1.394010519460679443e-01 9.391147467278875283e-01 4.000000000000000000e+00
6.326639155946069959e-01 2.530439576244817856e-01 2.000000000000000000e+00
1.293833315102932424e+00 1.290234305024507311e+00 1.000000000000000000e+00
9.575105457564772049e-01 9.050327986003265934e-01 1.000000000000000000e+00
4.731199584497948751e-01 3.069392354320883975e-01 3.000000000000000000e+00
1.029792280025182860e+00 1.035747874800287516e+00 1.000000000000000000e+00
4.612597509350717107e-01 1.649581455999886703e+00 4.000000000000000000e+00
1.160420623992260314e+00 1.220453460711470095e+00 1.000000000000000000e+00
1.801166955360564703e+00 1.451616334967693600e+00 1.000000000000000000e+00
1.100535684746122733e+00 1.101430761580855400e+00 1.000000000000000000e+00
2.435749491764423735e-01 5.707088750939953714e-01 4.000000000000000000e+00
6.204537589386414087e-01 2.082385004200598133e-01 2.000000000000000000e+00
1.088788972782397835e+00 -2.999743183229802157e-01 2.000000000000000000e+00
1.577912630931226801e+00 1.609588730706644988e+00 1.000000000000000000e+00
4.666086244988876808e-01 1.609044992987813227e+00 4.000000000000000000e+00
1.494460911770021383e-01 1.452015007239855215e-01 3.000000000000000000e+00
5.702234188035800733e-01 9.245107294902510375e-02 2.000000000000000000e+00
1.030670792629004628e+00 -3.039890675691072075e-01 2.000000000000000000e+00
3.687674096571268989e-01 5.530776458628472447e-01 4.000000000000000000e+00
1.002514199316086430e+00 1.164744534100006224e+00 1.000000000000000000e+00
1.117690255243315001e+00 1.138513818480930695e+00 1.000000000000000000e+00
3.519840693021591416e-01 2.567798954229708053e-01 3.000000000000000000e+00
1.216922680876995955e+00 4.577019205384458278e-02 2.000000000000000000e+00
9.208686991122964072e-01 1.624881679188801442e+00 1.000000000000000000e+00
7.540442982190971311e-01 2.071597717280002637e-01 2.000000000000000000e+00
1.195276097391977932e-01 8.116641801654945754e-01 1.000000000000000000e+00
6.394560738973366076e-01 1.140285683945272410e+00 1.000000000000000000e+00
4.985248910633074959e-01 1.350431149067838676e+00 4.000000000000000000e+00
7.342105867610688730e-01 5.635979305075334844e-01 1.000000000000000000e+00
4.124159047935748168e-01 5.698892660272826260e-01 3.000000000000000000e+00
1.367677006083785063e+00 1.224485602093030145e+00 1.000000000000000000e+00
1.713315452886512436e-01 4.513980812058167036e-01 3.000000000000000000e+00
8.957103967205388706e-01 4.512021340300821914e-01 2.000000000000000000e+00
1.592494819049769417e+00 1.749633054448667124e+00 1.000000000000000000e+00
5.351336156064272487e-01 4.865558308457878511e-01 2.000000000000000000e+00
2.303058789584424282e-01 2.364103167990841692e-01 3.000000000000000000e+00
6.716003949228614989e-01 1.693801953125213089e+00 1.000000000000000000e+00
1.896215609669057889e+00 1.568706174222886940e+00 1.000000000000000000e+00
7.589320722398686936e-01 1.928231658120607706e-01 2.000000000000000000e+00
4.679760116863889707e-01 1.238884327281023490e+00 4.000000000000000000e+00
1.727955718219958414e-01 3.586504076570349864e-01 3.000000000000000000e+00
8.623853083875359093e-01 1.373819298077167073e+00 1.000000000000000000e+00
1.358430080544702268e+00 1.209424140745685161e+00 1.000000000000000000e+00
1.958740252778375102e-01 1.960107511300778482e-01 3.000000000000000000e+00
6.029174176396214779e-01 1.359073136751250965e-01 2.000000000000000000e+00
9.460338233881391279e-01 2.835928551612348913e-02 2.000000000000000000e+00
7.927812723523918192e-01 1.128786874655506534e+00 1.000000000000000000e+00
1.136766773044018297e+00 2.703506921028422383e-01 2.000000000000000000e+00
1.583048416858046981e+00 1.630064361695723996e+00 1.000000000000000000e+00
5.418456735254582046e-01 3.530984516441674770e-01 2.000000000000000000e+00
2.736788544416066671e-01 5.669724040240058383e-01 4.000000000000000000e+00
1.175718116902840338e+00 -5.364041487419785037e-02 2.000000000000000000e+00
3.143505865077290129e-01 3.966294321734579742e-01 3.000000000000000000e+00
1.249003415703235476e+00 -9.767051738280108086e-02 2.000000000000000000e+00
3.754391971123994809e-01 1.273665644444731182e+00 4.000000000000000000e+00
1.138924341910281468e+00 3.620990214412611596e-02 2.000000000000000000e+00
1.518146592245924742e-01 9.362236183133286482e-02 3.000000000000000000e+00
8.076544841092467841e-01 1.694292433433878031e+00 1.000000000000000000e+00
5.338405807082798882e-01 7.129685724028462790e-01 1.000000000000000000e+00
1.319036796583950011e+00 -3.472045995651215078e-01 2.000000000000000000e+00
5.781502860177676340e-01 3.075721298222882649e-01 2.000000000000000000e+00
1.320447560744968829e+00 -1.599714564454073340e-01 2.000000000000000000e+00
6.236572609260755407e-01 3.473745701610488901e-01 2.000000000000000000e+00
1.105394216020425535e+00 -1.941391194577799517e-01 1.000000000000000000e+00
1.305431436123580147e+00 1.275571272409954826e+00 1.000000000000000000e+00
4.400752193528654765e-01 8.311919605620182727e-01 3.000000000000000000e+00
5.724526973621637538e-01 2.239309566940517748e-01 2.000000000000000000e+00
4.868365014043624095e-01 3.532501333898822038e-01 3.000000000000000000e+00
1.438773033422016123e+00 -2.678741768179726535e-01 2.000000000000000000e+00
1.445971565894278665e+00 1.251717660738367321e+00 1.000000000000000000e+00
3.428201679610263786e-01 1.545324129282276582e+00 4.000000000000000000e+00
3.530969163200931016e-01 1.430030220016715869e+00 4.000000000000000000e+00
4.235619868371973684e-01 5.167351155419618314e-01 4.000000000000000000e+00
7.838406423786813404e-01 1.456837006796914968e+00 1.000000000000000000e+00
3.389668028048538062e-01 3.168929739256060030e-01 3.000000000000000000e+00
1.586458340314583770e-01 1.203316001185438910e+00 4.000000000000000000e+00
5.887832302307194343e-01 1.044244927969445236e+00 1.000000000000000000e+00
5.066849773261485890e-01 1.023784743703875622e+00 1.000000000000000000e+00
6.046116714185615360e-01 8.816825054760975000e-01 1.000000000000000000e+00
8.898540839238580080e-01 -4.534625077013992867e-02 2.000000000000000000e+00
4.342298911895243752e-01 4.258265352158232542e-01 3.000000000000000000e+00
9.982447179511564350e-01 9.689469406512434269e-01 1.000000000000000000e+00
1.181159696991765262e+00 9.212428259926975782e-01 1.000000000000000000e+00
1.226979559500255723e+00 1.677308466617957738e-01 2.000000000000000000e+00
1.464032836004968363e+00 1.473110770297388683e+00 1.000000000000000000e+00
1.138974421664120662e+00 7.527952222081478739e-01 1.000000000000000000e+00
9.160830741385092013e-01 1.014127329451943726e-01 2.000000000000000000e+00
5.893494713453937273e-01 1.509945346362488117e+00 1.000000000000000000e+00
6.792800878813667342e-01 2.801166074352820501e-01 2.000000000000000000e+00
3.696914056150694128e-01 1.036192213652557648e+00 4.000000000000000000e+00
5.717136559423252606e-01 7.636334118671518345e-01 1.000000000000000000e+00
1.399434781630872315e+00 1.601948376122501516e+00 1.000000000000000000e+00
2.321183965901090218e-01 1.075620975230005216e+00 4.000000000000000000e+00
4.680077108767012328e-01 5.763857843961077698e-01 4.000000000000000000e+00
1.353620685972749982e+00 -2.921190417719040089e-01 2.000000000000000000e+00
4.226403544931627287e-01 1.535477009466579057e+00 4.000000000000000000e+00
8.625655937293891240e-01 1.166857138913623970e-03 2.000000000000000000e+00
1.201698744333741464e+00 1.473039725369341912e+00 1.000000000000000000e+00
1.547668712580868577e+00 1.442846863434956939e+00 1.000000000000000000e+00
4.998626787760859780e-01 3.488682604251231445e-01 3.000000000000000000e+00
1.146885890036668076e+00 2.570890429200928251e-02 2.000000000000000000e+00
4.503372698025984722e-01 1.655520803333903057e-01 3.000000000000000000e+00
7.301420608177544569e-01 3.285037792784121224e-01 2.000000000000000000e+00
1.858742046346861521e-01 4.728321032390520595e-01 3.000000000000000000e+00
1.037667491119276697e+00 7.508013846047454365e-01 1.000000000000000000e+00
3.017639983920578084e-01 3.809345409049854636e-01 4.000000000000000000e+00
3.708095713972883178e-01 4.451839033455742278e-01 3.000000000000000000e+00
4.449050986349309400e-01 7.399715326729854326e-01 4.000000000000000000e+00
8.859363847641991141e-01 -1.145758148749533856e-01 2.000000000000000000e+00
5.487716883041658944e-01 3.814470681721794376e-01 2.000000000000000000e+00
3.239397173142560815e-01 2.800687864180885223e-01 2.000000000000000000e+00
6.980764561602307294e-01 3.185267973173188105e-01 2.000000000000000000e+00
1.033511149773302495e+00 5.767039051878614098e-02 2.000000000000000000e+00
1.282880734790162180e-01 9.697731004495231399e-01 4.000000000000000000e+00
1.651073763229017333e-01 8.959338958696649868e-01 1.000000000000000000e+00
3.691208570218748042e-01 4.069681519579998463e-01 3.000000000000000000e+00
8.234388511984851444e-01 8.394526667888089211e-01 1.000000000000000000e+00
1.599088099784618799e-01 1.073677783842372502e-01 3.000000000000000000e+00
1.018017056457330288e-01 5.519033436287835714e-01 4.000000000000000000e+00
8.827310782909854048e-01 3.488784485568681148e-01 2.000000000000000000e+00
4.893275913059536020e-01 1.485139613924691071e+00 4.000000000000000000e+00
9.458549067042156810e-01 1.762018448764769984e-01 2.000000000000000000e+00
1.337940266433499392e+00 -3.611972633718029124e-01 2.000000000000000000e+00
6.394930031184906660e-01 1.135160917230930711e+00 4.000000000000000000e+00
6.456808198465574522e-01 1.417986818842056795e+00 1.000000000000000000e+00
5.351593784893803329e-01 1.440808179039097858e+00 1.000000000000000000e+00
7.624643242728657011e-01 1.578092034519864129e+00 1.000000000000000000e+00
1.127366592808913159e+00 8.780038324649974690e-01 1.000000000000000000e+00
4.532792502043161975e-01 1.697500058486853369e+00 1.000000000000000000e+00
7.787357534616413668e-01 7.162221981772498580e-02 2.000000000000000000e+00
4.355696834925476546e-01 1.165522463710058299e+00 3.000000000000000000e+00
1.127702760666874138e+00 1.421348810880881164e+00 1.000000000000000000e+00
4.876862902861086591e-01 1.340092697053216764e+00 4.000000000000000000e+00
1.283491451764905644e+00 -6.746628044453267803e-02 2.000000000000000000e+00
1.066643702414263428e+00 1.391225340185188730e-01 2.000000000000000000e+00
8.091684000085083150e-01 -4.796140811023008599e-02 2.000000000000000000e+00
6.051047638883427782e-01 7.485101463448835535e-01 1.000000000000000000e+00
7.338611326086457165e-01 1.233181786057829799e+00 1.000000000000000000e+00
8.849687443423650546e-01 -1.245611688810507878e-01 2.000000000000000000e+00
1.026923855892482029e+00 1.291719431441429311e-02 2.000000000000000000e+00
1.626537484034962677e+00 1.495853215520963841e+00 1.000000000000000000e+00
9.023231373277934564e-01 2.304714120122351995e-01 2.000000000000000000e+00
5.449441475968280768e-01 2.042217434909884832e-01 2.000000000000000000e+00
8.847926062703546091e-01 8.638794944769827566e-01 1.000000000000000000e+00
2.426676296362885732e-01 5.282342475835224427e-01 4.000000000000000000e+00
4.902074092667670357e-01 3.884640979326678401e-01 3.000000000000000000e+00
9.968903883716497827e-01 -4.869674372121088335e-01 2.000000000000000000e+00
8.703922427177728238e-01 -3.803495302162701597e-02 2.000000000000000000e+00
3.793157926016771375e-01 1.378830570994138416e-01 3.000000000000000000e+00
9.761862529884023365e-01 1.196445008220420547e+00 1.000000000000000000e+00
8.243879856180116317e-01 1.623291282914396172e+00 1.000000000000000000e+00
3.710471530739454793e-01 3.043245429741416319e-01 3.000000000000000000e+00
8.992710264326904124e-01 -1.516771790360458283e-01 2.000000000000000000e+00
5.120051320553103968e-01 1.501141359614580062e-01 2.000000000000000000e+00
2.542262493280955660e-01 4.641688483905521689e-01 3.000000000000000000e+00
1.589672468562369989e+00 1.590750371442714250e+00 1.000000000000000000e+00
1.122634967805458128e+00 1.281613527559993138e+00 1.000000000000000000e+00
7.224007840795777513e-01 1.951269411647441832e+00 1.000000000000000000e+00
1.137834481733684511e+00 -3.345036831685829770e-01 2.000000000000000000e+00
9.738530162663860956e-01 9.715334060559492890e-01 1.000000000000000000e+00
4.846519245295700662e-01 1.296079278624763909e+00 4.000000000000000000e+00
1.219402248310501813e+00 -2.052450033181987821e-01 2.000000000000000000e+00
1.623036724348805304e+00 1.536287268856616706e+00 1.000000000000000000e+00
6.246800860080335693e-02 3.206847248268640538e-01 3.000000000000000000e+00
1.752958926602327105e-02 6.339963375136181689e-01 1.000000000000000000e+00
5.891119719651787268e-01 1.154063639137399733e+00 1.000000000000000000e+00
1.019703433908261569e+00 -1.755000653443361536e-04 2.000000000000000000e+00
5.285304931056844513e-01 1.502144768786247475e+00 1.000000000000000000e+00
6.079412956217868924e-01 1.136844967705559872e+00 1.000000000000000000e+00
1.157879678817432145e+00 5.892663139565001984e-02 2.000000000000000000e+00
6.279298100288095430e-01 1.448147911507824848e+00 1.000000000000000000e+00
1.532950719551768870e+00 1.232474289782670374e+00 1.000000000000000000e+00
1.734841711504477191e+00 1.894016812051696474e+00 1.000000000000000000e+00
1.319431569730009635e-01 5.637135467634766250e-01 4.000000000000000000e+00
6.672650065536683828e-01 1.528087762457399634e+00 1.000000000000000000e+00
1.174549949223500089e+00 1.078916697110871681e+00 1.000000000000000000e+00
5.597204517115484945e-01 1.905408957371390322e-01 2.000000000000000000e+00
6.187876601659180187e-01 5.835689800488201850e-01 1.000000000000000000e+00
7.506638295099554714e-01 2.153204020324109846e-01 2.000000000000000000e+00
5.434415719586873639e-01 1.279652195645713419e+00 1.000000000000000000e+00
1.244109968644783404e+00 2.368281083466183823e-02 2.000000000000000000e+00
1.344457116060711277e+00 -2.290628979531070253e-01 2.000000000000000000e+00
5.283028914519278807e-01 1.121476228352412008e+00 1.000000000000000000e+00
1.228941938164558767e+00 -2.267726618702513020e-01 2.000000000000000000e+00
5.020595298272352291e-01 1.482581281111476912e+00 1.000000000000000000e+00
1.261552770153016478e+00 1.363731820950568219e+00 1.000000000000000000e+00
5.619779082501616951e-01 1.068034392847612590e+00 1.000000000000000000e+00
7.719485928158575927e-01 1.703246009281954798e+00 1.000000000000000000e+00
1.265459670282980564e+00 1.212116253957420842e+00 1.000000000000000000e+00
5.975923221608459013e-01 2.100853908491996935e-01 2.000000000000000000e+00
6.219850010767122850e-01 2.266809425946075263e-01 2.000000000000000000e+00
1.784486964945543930e+00 1.756542773698133386e+00 1.000000000000000000e+00
5.408847075953839845e-01 6.623639177975308989e-01 1.000000000000000000e+00
4.726439999116929247e-01 1.308961298581919674e+00 4.000000000000000000e+00
2.256018461175603451e-01 3.763791092810077621e-01 3.000000000000000000e+00
9.476043003765298733e-01 1.568465430927126203e-01 2.000000000000000000e+00
5.078559103812393394e-01 1.601487995020870692e+00 1.000000000000000000e+00
4.371599446361813524e-01 6.756440021383945949e-01 4.000000000000000000e+00
1.431773667028999886e-01 3.222905005588038718e-01 3.000000000000000000e+00
1.359249043187245931e+00 1.352469844451203329e+00 1.000000000000000000e+00
7.424646113654032042e-01 1.678668419978550652e+00 1.000000000000000000e+00
1.728877674095074646e+00 1.777471313686424859e+00 1.000000000000000000e+00
7.544841183130578388e-01 1.772871736378645480e+00 1.000000000000000000e+00
4.328341909089791217e-01 8.258707076601665698e-01 3.000000000000000000e+00
1.106375684296264872e+00 3.750047376795780374e-01 2.000000000000000000e+00
2.711388089148228930e-01 3.333930964657925156e-01 3.000000000000000000e+00
1.507352264333345460e+00 1.291306296263385001e+00 1.000000000000000000e+00
1.393454462838756014e-01 2.373336324167598932e-01 3.000000000000000000e+00
4.694503877255926105e-01 1.433463619146411849e+00 4.000000000000000000e+00
4.294618423127530282e-01 1.480791441371925199e+00 4.000000000000000000e+00
7.033447785167988853e-01 1.649483267455294166e+00 1.000000000000000000e+00
1.179717630683792873e+00 1.581685829792749853e+00 1.000000000000000000e+00
1.083404210294851788e+00 2.747275718193248339e-02 2.000000000000000000e+00
2.126010385791064217e-01 2.121895640066041866e-01 3.000000000000000000e+00
7.586547397619107791e-01 1.622678125905645086e+00 1.000000000000000000e+00
1.812443198121314047e+00 1.570464034067514669e+00 1.000000000000000000e+00
4.895330470947151236e-01 1.005246820022737131e+00 4.000000000000000000e+00
1.060886579795550233e+00 9.926394789948611574e-03 2.000000000000000000e+00
5.665338287927080829e-01 8.065154114834002241e-01 1.000000000000000000e+00
2.802269904093590558e-01 7.284255126303000871e-01 4.000000000000000000e+00
6.087826621286684947e-01 1.443696343678304572e+00 1.000000000000000000e+00
3.553451513785679250e-01 4.909928213996985757e-01 3.000000000000000000e+00
2.688589917518734440e-01 4.111783509201425435e-01 3.000000000000000000e+00
4.120095353004630812e-01 5.921064338483574829e-01 4.000000000000000000e+00
6.418474856558629149e-01 1.952198103495379700e+00 1.000000000000000000e+00
3.889005441218014725e-01 8.536929329869026306e-01 4.000000000000000000e+00
8.693408813356673370e-01 1.751183871619279575e+00 1.000000000000000000e+00
2.375319658205606310e-01 3.188090816081574908e-02 3.000000000000000000e+00
5.912629809538636483e-01 1.364241631041204883e+00 1.000000000000000000e+00
6.877338324575991146e-01 7.174338841402673195e-01 1.000000000000000000e+00
1.922449765804944644e+00 1.900229263639818145e+00 1.000000000000000000e+00
1.474509188442521879e+00 1.631728756005250913e+00 1.000000000000000000e+00
2.877560939748835533e-01 2.493973975066298421e-01 3.000000000000000000e+00
6.947597689731540571e-01 7.096494444849229533e-01 1.000000000000000000e+00
1.070809339485493394e+00 1.942933740519036667e-01 2.000000000000000000e+00
1.234691148914229153e+00 -7.379878386388299960e-02 2.000000000000000000e+00
3.253930888869863147e-01 1.700444942110756752e-01 3.000000000000000000e+00
9.479262489590285501e-01 2.280640978041345024e-01 2.000000000000000000e+00
6.082780851543955203e-01 9.569563545627634005e-01 1.000000000000000000e+00
5.387577616776952905e-01 4.373644504578942382e-01 2.000000000000000000e+00
9.123144149578699125e-01 -1.012011190711081809e-02 2.000000000000000000e+00
1.080519690503003449e+00 2.001252997715172177e-01 2.000000000000000000e+00
6.455533979800541777e-01 8.923639412243236091e-01 1.000000000000000000e+00
1.065141567534661826e+00 1.425715404086990712e-01 2.000000000000000000e+00
4.624577556915374643e-01 1.076133908448333454e+00 4.000000000000000000e+00
1.168332719388420760e+00 6.056081143343039486e-02 2.000000000000000000e+00
7.296929899266639818e-01 8.727276063400954964e-01 1.000000000000000000e+00
2.825914628153447516e-01 2.858611048987844683e-01 2.000000000000000000e+00
6.400657677246991417e-01 6.609695291931811933e-01 1.000000000000000000e+00
1.026910221979553395e+00 -2.267473715414045632e-01 2.000000000000000000e+00
3.705297113273393617e-01 4.474412899493428464e-01 3.000000000000000000e+00
5.020544322663712533e-01 3.045434499430131892e-01 2.000000000000000000e+00
4.357230771392997526e-01 1.514013119824777931e+00 4.000000000000000000e+00
1.016864355936107023e+00 -2.703851426608901432e-01 2.000000000000000000e+00
1.613701593219946329e+00 1.647327740178552880e+00 1.000000000000000000e+00
5.864964579208523654e-01 1.118617177043905508e+00 1.000000000000000000e+00
8.154928110500105909e-01 5.643069682699175527e-03 2.000000000000000000e+00
9.814694299472530581e-01 2.894121095730785576e-01 2.000000000000000000e+00
6.372910965972773401e-01 5.725785035529888933e-01 1.000000000000000000e+00
1.491999622890578969e+00 1.326811236090995383e+00 1.000000000000000000e+00
1.484240786467244000e+00 1.444134826364130042e+00 1.000000000000000000e+00
4.379431115538305330e-01 1.281171288817378517e+00 4.000000000000000000e+00
1.276616755496197131e+00 2.137996736041652968e-02 2.000000000000000000e+00
4.585720425806860678e-01 1.661368959816212632e-01 3.000000000000000000e+00
1.641323830359690206e+00 1.370310161173071029e+00 1.000000000000000000e+00
3.144287781532818515e-01 9.956643583834507982e-01 4.000000000000000000e+00
5.728846403000519283e-01 1.542519206657519071e+00 1.000000000000000000e+00
4.039139248077336375e-01 7.279843824785517947e-01 4.000000000000000000e+00
8.245316364447020652e-01 1.656570266271508718e-01 2.000000000000000000e+00
6.279320800849266249e-01 1.915269710571076422e-01 2.000000000000000000e+00
2.091508133126582236e-01 5.367110692433332275e-01 4.000000000000000000e+00
8.019882484524167854e-01 1.468513540457302202e+00 1.000000000000000000e+00
4.619588416519840313e-01 1.016687664581176875e+00 4.000000000000000000e+00
5.561487174160923974e-01 7.553818608504092591e-01 1.000000000000000000e+00
2.382664744430048609e-01 4.187288225404133257e-01 3.000000000000000000e+00
3.175205609613322988e-01 3.568325197046263719e-01 3.000000000000000000e+00
6.919399154323894185e-01 6.152360264201136575e-01 1.000000000000000000e+00
1.665859186795956681e+00 1.675009845079589610e+00 1.000000000000000000e+00
1.108947775941278691e+00 3.111840125830489523e-02 2.000000000000000000e+00
6.574244572343385107e-01 2.625444432655937854e-01 2.000000000000000000e+00
1.136202416074419963e+00 9.609027148912372418e-01 1.000000000000000000e+00
1.561992801268548670e+00 1.660286796162683043e+00 1.000000000000000000e+00
7.616727601458650465e-01 4.274551328230674629e-02 2.000000000000000000e+00
9.709942091059229341e-01 -1.257452411197523268e-01 2.000000000000000000e+00
5.790576588584300799e-01 1.086079174051280072e+00 1.000000000000000000e+00
6.918419450716914998e-01 2.793150093200606476e-01 2.000000000000000000e+00
1.059947227806828263e+00 -1.550712551811173623e-01 2.000000000000000000e+00
7.030257544071514264e-01 -6.995705428035176032e-02 2.000000000000000000e+00
6.107032930736941978e-01 1.469446257903773478e+00 1.000000000000000000e+00
1.206713507170444677e+00 1.081860659954144488e+00 1.000000000000000000e+00
1.439521186954425769e+00 1.303673846990438090e+00 1.000000000000000000e+00
6.345188475226302138e-01 1.376783642497496407e+00 1.000000000000000000e+00
1.040209885985692528e+00 1.294926890889311011e+00 1.000000000000000000e+00
3.195692905131385930e-01 1.275046287812993562e+00 4.000000000000000000e+00
1.307250595099051171e+00 1.539518836300407756e+00 1.000000000000000000e+00
6.800627096622118284e-01 1.359134582922154166e+00 1.000000000000000000e+00
1.297736553661569037e+00 -1.630740219201505248e-01 2.000000000000000000e+00
6.146404581498445818e-01 2.014040167971455353e-01 2.000000000000000000e+00
8.649649713297292708e-01 -5.094366783626214090e-02 2.000000000000000000e+00
5.627922547593493530e-01 2.999191097026885355e-01 2.000000000000000000e+00
7.187867762932540483e-01 8.787930689545250251e-01 1.000000000000000000e+00
7.475823615777017483e-01 -1.391043635555490598e-01 2.000000000000000000e+00
7.046667946588986986e-01 6.904954381492898197e-01 1.000000000000000000e+00
8.018341873103884687e-01 3.528381993891577251e-02 2.000000000000000000e+00
4.859769096387079879e-01 2.729077554518746229e-01 3.000000000000000000e+00
3.115955960773372779e-01 9.291079700565381128e-01 4.000000000000000000e+00
1.504839156425900715e+00 1.682491620452397196e+00 1.000000000000000000e+00
5.529859611956321475e-01 -1.991917230547457507e-02 2.000000000000000000e+00
4.273466677638326217e-01 3.634277045156038555e-01 2.000000000000000000e+00
1.186278614352501037e+00 -1.465975229931948398e-01 2.000000000000000000e+00
1.675263918973334043e+00 1.466911471430544900e+00 1.000000000000000000e+00
1.023527748082850852e+00 9.481382296474546445e-01 1.000000000000000000e+00
7.104655717422756478e-01 6.120809529680968364e-01 1.000000000000000000e+00
6.296745237840977172e-01 1.466569070696833954e+00 1.000000000000000000e+00
1.378948918799001166e+00 -7.832815613311505665e-02 2.000000000000000000e+00
1.055255032637893997e+00 9.984264824763352530e-01 1.000000000000000000e+00
5.464741868682136683e-02 7.178477188502389861e-02 3.000000000000000000e+00
1.921993883823966076e+00 1.704920537139355208e+00 1.000000000000000000e+00
3.967408371778297083e-01 3.725438394316203938e-01 3.000000000000000000e+00
2.479607267709655061e-01 5.258697666955657324e-01 4.000000000000000000e+00
3.675441787687231954e-01 1.083837361386775999e+00 4.000000000000000000e+00
5.530277996298331722e-01 2.155659539456206697e-01 2.000000000000000000e+00
7.570887061163218412e-01 -9.972355245612879449e-02 2.000000000000000000e+00
3.278385795057771612e-01 5.068008727660877621e-01 4.000000000000000000e+00
2.594864653211630401e-01 4.945980165614199953e-01 3.000000000000000000e+00
5.439981880929096736e-01 3.578566658143625401e-01 2.000000000000000000e+00
1.342095335864240235e+00 1.071935711008831227e+00 1.000000000000000000e+00
3.336151325677886859e-01 8.032073489883261308e-01 4.000000000000000000e+00
2.464582200225719499e-01 1.108992619752306119e+00 4.000000000000000000e+00
2.995793446034314411e-01 2.929168132943065772e-01 3.000000000000000000e+00
3.953795123688162994e-01 1.003951938320003512e+00 3.000000000000000000e+00
1.098799526206056143e+00 -3.291970634187837419e-01 2.000000000000000000e+00
4.569165105141357874e-01 7.820241728512861146e-01 4.000000000000000000e+00
1.353103692495421617e+00 -4.198864867102153897e-01 2.000000000000000000e+00
1.474287127493469907e+00 -3.237291387875206872e-01 2.000000000000000000e+00
8.336963551559243291e-01 1.033487363008757320e+00 1.000000000000000000e+00
1.060531332364021750e+00 8.805230655658974337e-02 2.000000000000000000e+00
1.126961584322148546e+00 4.969336910543825647e-02 2.000000000000000000e+00
2.055882382613238579e-01 4.253596693219726665e-01 3.000000000000000000e+00
5.355033233309480778e-01 1.424903049623933160e-01 2.000000000000000000e+00
5.761163419496204696e-01 6.924406894105854526e-01 1.000000000000000000e+00
1.110070746718465839e+00 -5.774800868514923247e-02 2.000000000000000000e+00
1.018803902767506209e+00 -3.065035292028804870e-01 2.000000000000000000e+00
4.471734429944040912e-01 2.488180810243993957e-01 3.000000000000000000e+00
6.814394275750318419e-01 3.861597440530927239e-01 2.000000000000000000e+00
8.430752272399139047e-01 1.160215368386118939e+00 1.000000000000000000e+00
1.085778357628519597e+00 1.053088057302425939e-02 2.000000000000000000e+00
1.771399544294898210e+00 1.549610540211741938e+00 1.000000000000000000e+00
9.034840946652006322e-01 2.077495336107915147e-01 2.000000000000000000e+00
1.235498169238829158e+00 1.342133597357600516e+00 1.000000000000000000e+00
9.219407457039537901e-01 1.720122235599594873e+00 1.000000000000000000e+00
6.770739311207376598e-01 4.378690038955301844e-02 2.000000000000000000e+00
6.591261948204746313e-01 5.472156491563894276e-01 1.000000000000000000e+00
7.045488676423515839e-01 6.430653817380107551e-01 1.000000000000000000e+00
1.455162577431676763e+00 1.744594754025478256e+00 1.000000000000000000e+00
1.753680019306253168e+00 1.581336145638931434e+00 1.000000000000000000e+00
3.991404561052064870e-01 1.396963671020770459e+00 4.000000000000000000e+00
6.970040634535252799e-01 3.898315500426436375e-01 2.000000000000000000e+00
1.270832594474114785e+00 -4.319918331843195514e-01 2.000000000000000000e+00
4.923470970989271001e-01 1.541519023988501935e+00 4.000000000000000000e+00
1.356987185752208891e+00 1.150453013585723827e+00 1.000000000000000000e+00
4.255089585135272134e-01 6.168663415338606626e-01 4.000000000000000000e+00
8.903567773713145783e-01 1.742414881941528826e+00 1.000000000000000000e+00
6.785067379013837163e-01 2.963294316675653128e-01 2.000000000000000000e+00
1.749425175833082546e-01 9.181871084687154294e-01 4.000000000000000000e+00
1.118528610985008331e+00 9.937533789716744836e-01 1.000000000000000000e+00
5.715511525105563262e-01 2.585961020757098217e-01 2.000000000000000000e+00
7.619105730703752410e-01 9.519740380034152905e-02 2.000000000000000000e+00
5.315692826577085306e-01 1.533728305723724095e+00 1.000000000000000000e+00
6.037348586229046576e-01 1.828379797703420795e-01 2.000000000000000000e+00
1.991915885576634737e-01 1.849989447214228366e-01 3.000000000000000000e+00
7.393465706885149480e-01 1.760035276428525641e+00 1.000000000000000000e+00
7.387399669040048966e-01 1.901557635337373098e-01 2.000000000000000000e+00
6.216290192564309924e-01 5.001011726182856831e-01 1.000000000000000000e+00
4.042602874852762040e-01 2.728967906849496527e-01 3.000000000000000000e+00
1.196332903466161612e+00 3.095023198449892154e-02 2.000000000000000000e+00
1.099393593460185503e+00 -7.835898376110145280e-02 2.000000000000000000e+00
3.404358037454571217e-01 3.184480781867128352e-01 3.000000000000000000e+00
4.361794350631388872e-01 1.557689080460449293e+00 4.000000000000000000e+00
6.216309037113214586e-01 9.752693247746899718e-01 1.000000000000000000e+00
6.446782733251774644e-01 1.599839117498109142e-01 2.000000000000000000e+00
5.047038277466179279e-01 8.483254860663248520e-01 1.000000000000000000e+00
3.230079495503283549e-01 3.989093719483472467e-01 3.000000000000000000e+00
8.252782517981746002e-01 9.047074043169188728e-01 1.000000000000000000e+00
4.504498702425835388e-01 1.149387194436994442e+00 4.000000000000000000e+00
1.449010358646373731e-01 1.526444348825559127e-01 3.000000000000000000e+00
1.038160024782733615e+00 -6.064963157205166544e-02 2.000000000000000000e+00
3.402736784727171115e-01 7.963171956283094932e-01 4.000000000000000000e+00
1.368226444782705054e+00 1.742228305655402210e+00 1.000000000000000000e+00
3.546770579778032451e-01 2.398837146618539584e-01 3.000000000000000000e+00
4.214201978836849549e-01 1.048698461572683538e+00 1.000000000000000000e+00
9.511513014303084601e-01 1.166017835046489814e+00 1.000000000000000000e+00
1.437025059449108078e+00 1.727464680310519141e+00 1.000000000000000000e+00
8.878206168684976696e-01 5.483179626036845944e-01 1.000000000000000000e+00
1.475641123904664065e+00 -2.983740394756528858e-01 2.000000000000000000e+00
1.428193025552270345e+00 1.268572865660885451e+00 1.000000000000000000e+00
5.982403480697100484e-01 1.390804923313337937e+00 1.000000000000000000e+00
7.453134134783032660e-01 1.563153531568459154e-01 2.000000000000000000e+00
7.722116490237339592e-01 1.208333179038113991e+00 1.000000000000000000e+00
4.309264333007484793e-01 3.520157458823809926e-01 3.000000000000000000e+00
7.746542888986654996e-01 3.346750459651929299e-01 2.000000000000000000e+00
7.440924239988955247e-01 4.954669752165068997e-01 2.000000000000000000e+00
3.590775193899922724e-01 4.747592879823154255e-01 3.000000000000000000e+00
1.323902680613987526e+00 -5.026476378885968987e-02 2.000000000000000000e+00
6.955534333323513119e-01 6.520836869129077451e-01 1.000000000000000000e+00
6.118315982856267210e-01 1.296128240742678628e+00 1.000000000000000000e+00
7.261592049072161936e-01 8.891546866692237039e-01 1.000000000000000000e+00
5.549375240344962545e-01 1.348085224499464996e+00 1.000000000000000000e+00
4.742836967852939734e-01 3.759822107882817011e-01 3.000000000000000000e+00
7.579305694888998080e-01 1.561997718533569834e+00 1.000000000000000000e+00
4.793096456694101448e-01 3.035658677674398787e-01 3.000000000000000000e+00
8.660064575606593040e-01 9.058251299672782642e-01 1.000000000000000000e+00
4.985031864974146520e-01 1.212224652910122158e+00 4.000000000000000000e+00
1.338208816594234296e+00 1.296156072516029489e+00 1.000000000000000000e+00
8.556188126223243651e-02 3.595043120315938867e-01 4.000000000000000000e+00
1.044091416813601736e+00 2.333556367822283706e-01 2.000000000000000000e+00
9.166388831139731241e-01 -1.069096691180251857e-01 2.000000000000000000e+00
1.113224548068833863e+00 1.925757565575015318e-01 2.000000000000000000e+00
5.338719168353468492e-01 3.727797887717076986e-01 2.000000000000000000e+00
6.079362234052719804e-01 2.100597171838859689e-01 2.000000000000000000e+00
5.269424697762439269e-01 6.265985560662563625e-01 1.000000000000000000e+00
1.144325899797917989e+00 -3.195114327490783945e-01 2.000000000000000000e+00
3.523393762458832401e-01 8.369380394690244529e-01 4.000000000000000000e+00
6.437708572528735296e-01 1.366859737322018375e+00 1.000000000000000000e+00
8.368438997409228808e-01 7.476005891252165414e-01 1.000000000000000000e+00
1.677570269582581819e+00 1.826614479644275146e+00 1.000000000000000000e+00
5.158455993111334958e-01 1.178116475097777283e+00 1.000000000000000000e+00
6.894595522703241830e-01 3.327825412112732639e-01 2.000000000000000000e+00
8.809000020890676019e-01 2.390993535602962683e-01 2.000000000000000000e+00
5.847284688520798523e-01 9.305853829226405916e-01 1.000000000000000000e+00
7.996251573406871760e-01 1.647622363893301300e-01 2.000000000000000000e+00
9.558524250568045666e-01 1.235829363305621875e+00 1.000000000000000000e+00
9.399549404000071551e-01 -3.589608323536230272e-01 2.000000000000000000e+00
1.357471188764268533e+00 1.027497080704461885e+00 1.000000000000000000e+00
1.087827411299959746e+00 -2.830558707062497681e-01 2.000000000000000000e+00
1.117312142563469557e+00 -9.842029217915071460e-02 2.000000000000000000e+00
1.254571020496084266e+00 -3.031800000102469195e-01 2.000000000000000000e+00
4.450089249498606070e-01 3.085703041061716445e-01 3.000000000000000000e+00
4.863550490385576963e-01 1.635492728549746699e+00 4.000000000000000000e+00
9.383278736188258584e-01 1.990373849098253101e-01 2.000000000000000000e+00
7.581749641312917065e-01 1.587932240656573679e+00 1.000000000000000000e+00
1.006259802680462556e+00 7.417820634470349006e-01 1.000000000000000000e+00
6.251718990073980020e-01 1.359435609280564283e-01 2.000000000000000000e+00
1.001651497847994676e+00 1.271650498318347644e+00 1.000000000000000000e+00
4.368618227044297475e-01 4.227798874857993106e-01 3.000000000000000000e+00
3.852331573000551401e-01 1.241925259993676978e+00 4.000000000000000000e+00
1.104254336883705001e+00 1.091348420326048840e+00 1.000000000000000000e+00
8.275312364107147989e-01 1.414253444490381484e-01 2.000000000000000000e+00
1.373123415684241344e+00 1.117832325215723621e+00 1.000000000000000000e+00
1.024835486744283486e+00 -4.354608861177444723e-02 2.000000000000000000e+00
3.852461633866091639e-01 1.268176170163964445e+00 4.000000000000000000e+00
3.121548967055587376e-01 4.267071452845738744e-01 3.000000000000000000e+00
8.611945090953989634e-01 -1.539697667535008807e-01 2.000000000000000000e+00
9.699683901761929627e-01 9.046728270532679028e-01 1.000000000000000000e+00
1.089722043964326925e+00 -1.827731509027403223e-01 2.000000000000000000e+00
4.219866596131774950e-01 4.757407995737581580e-02 2.000000000000000000e+00
7.196539506813677267e-01 3.129381032272320895e-01 2.000000000000000000e+00
3.526977634785750659e-01 9.574286912250764559e-01 4.000000000000000000e+00
1.179217489009975139e+00 1.068751538871508311e+00 1.000000000000000000e+00
1.070985224260210256e+00 2.756135005686633499e-01 2.000000000000000000e+00
1.006703428181945359e+00 2.188743021065253647e-02 2.000000000000000000e+00
6.790315169539386242e-02 2.824426636178923797e-02 3.000000000000000000e+00
1.200060783320707480e-01 5.509283111689606827e-01 4.000000000000000000e+00
6.208266935918247409e-01 4.893901983394408073e-01 2.000000000000000000e+00
9.047579652792582250e-01 1.078281782026315083e+00 1.000000000000000000e+00
6.253728313788179394e-01 1.583401154859007232e+00 1.000000000000000000e+00
3.011363286593244926e-01 2.049464199673476372e-01 3.000000000000000000e+00
5.326417356298774886e-01 1.605170815050507294e-01 2.000000000000000000e+00
1.282908952052601581e+00 -1.450292515558684325e-01 2.000000000000000000e+00
2.942551159117098303e-01 7.361568812295894437e-01 4.000000000000000000e+00
7.032886947591461269e-01 1.396846724451914268e+00 1.000000000000000000e+00
2.568755344247153904e-01 1.337862315018816146e-02 3.000000000000000000e+00
4.865534305243021662e-01 1.738713309513306271e+00 3.000000000000000000e+00
1.390688606149660167e+00 1.187801902994530145e+00 1.000000000000000000e+00
5.859329167147385720e-01 3.152111777536396042e-01 2.000000000000000000e+00
3.594308581009978965e-01 7.434381920011083889e-01 4.000000000000000000e+00
2.314503820589694227e-01 4.390333649547466521e-01 3.000000000000000000e+00
6.386681518905470423e-01 4.908561703032627288e-01 2.000000000000000000e+00
9.396203570531236338e-01 2.140520109254619441e-01 2.000000000000000000e+00
1.114454754579508489e+00 4.293872928728476035e-02 2.000000000000000000e+00
5.961560557093801282e-01 1.809031526355553421e+00 1.000000000000000000e+00
5.970742502282385678e-01 6.423909831762588674e-01 1.000000000000000000e+00
2.746143569133764339e-01 1.322652944672270792e+00 3.000000000000000000e+00
4.610190382529508191e-01 1.673915392684264702e+00 4.000000000000000000e+00
3.597999449850686204e-01 1.243782931861207697e+00 4.000000000000000000e+00
1.662998348980651464e+00 1.493423288387456305e+00 1.000000000000000000e+00
2.459525209105313803e-01 1.362937470695480879e+00 4.000000000000000000e+00
9.794881943123344703e-01 8.803924327523195981e-01 1.000000000000000000e+00
1.188768602314623113e+00 1.211865087583978484e+00 1.000000000000000000e+00
4.745651921749057811e-01 2.815442911878490717e-01 2.000000000000000000e+00
9.644396872008883514e-01 9.779545752496633382e-01 1.000000000000000000e+00
8.426247484997396731e-01 3.822054300826356332e-01 2.000000000000000000e+00
1.275851704046212509e+00 1.417236162037562863e-01 2.000000000000000000e+00
1.050333117216184498e+00 -1.845208710030287746e-01 2.000000000000000000e+00
1.433452126317889819e-01 4.585675854033509635e-01 3.000000000000000000e+00
1.747177512633316221e+00 1.596568007632511277e+00 1.000000000000000000e+00
9.871660102473938103e-01 5.288854966946926472e-02 2.000000000000000000e+00
9.682559462400203154e-01 -1.991911926864908811e-02 2.000000000000000000e+00
5.682371273211150875e-01 4.406899192809058396e-01 2.000000000000000000e+00
9.207297298374371719e-01 8.870775978403879769e-01 1.000000000000000000e+00
6.348239274469824611e-01 3.096669256425995664e-01 2.000000000000000000e+00
3.360294383466927992e-01 3.466456819430355218e-01 3.000000000000000000e+00
1.239993436283482353e+00 -3.884359717986596294e-01 2.000000000000000000e+00
5.268940198146648823e-01 3.863519316200966225e-01 2.000000000000000000e+00
9.601010455798679732e-01 3.856356277305529323e-01 2.000000000000000000e+00
3.637735765406613364e-01 3.032265532365544525e-01 3.000000000000000000e+00
2.046350448238749564e-01 3.384387724065613945e-01 3.000000000000000000e+00
7.385309454979180899e-01 1.595321879611356408e+00 1.000000000000000000e+00
3.417427924768826064e-01 1.514266385860281616e+00 3.000000000000000000e+00
7.798669670807555354e-01 7.874340221359024117e-01 1.000000000000000000e+00
1.238465517763008616e+00 1.450683053076451179e+00 1.000000000000000000e+00
1.093277709608931669e+00 1.017950169613976108e+00 1.000000000000000000e+00
1.792532240626257600e+00 1.490646213955274302e+00 1.000000000000000000e+00
9.542601353419559729e-01 4.541076954409656308e-02 2.000000000000000000e+00
9.770210163869110787e-01 9.655797255519015243e-01 1.000000000000000000e+00
4.769538627984462043e-01 1.293905043743651451e+00 4.000000000000000000e+00
7.936651760040824843e-01 1.607185740725686207e+00 1.000000000000000000e+00
2.433895065948883940e-01 1.520810001467059469e-01 2.000000000000000000e+00
2.227365503509825539e-01 1.047049854322493756e+00 4.000000000000000000e+00
7.913367530707455799e-01 2.691281112303415823e-01 2.000000000000000000e+00
5.747588429101248009e-01 1.204256021081947958e+00 1.000000000000000000e+00
1.072829999970416281e+00 1.531325315897528738e-01 2.000000000000000000e+00
1.003627685370926281e+00 -1.270140807246102344e-01 2.000000000000000000e+00
5.414445912249694626e-01 1.677517035282577229e+00 1.000000000000000000e+00
9.011089861008659829e-01 1.149882669695972526e+00 1.000000000000000000e+00
1.036032677761971943e+00 7.781594055056049175e-01 1.000000000000000000e+00
1.224380797342640714e-01 1.109874687825062711e+00 4.000000000000000000e+00
1.378189382175554756e-01 3.072732718571266619e-01 3.000000000000000000e+00
6.009292363985286878e-01 3.396427809353409488e-01 2.000000000000000000e+00
1.789051788623690964e+00 1.610597891070322474e+00 1.000000000000000000e+00
1.136391042499716342e+00 -1.444542239554404972e-01 2.000000000000000000e+00
7.309284318594801988e-01 6.918743458916650768e-01 1.000000000000000000e+00
7.595007728156482063e-01 7.146453641420048575e-01 4.000000000000000000e+00
3.681388304927725175e-01 5.285911868543737846e-01 1.000000000000000000e+00
2.983562468668560230e-01 2.111738680741549468e-01 3.000000000000000000e+00
7.264581426985889934e-01 1.219771433060669263e+00 1.000000000000000000e+00
4.208706763943580453e-01 9.011143598666084831e-01 3.000000000000000000e+00
1.298094731846378913e+00 9.651445888730811884e-01 1.000000000000000000e+00
1.942394195357183273e-01 4.441819791276636203e-02 3.000000000000000000e+00
7.874766789074441053e-01 2.424943613262949271e-01 2.000000000000000000e+00
4.953736577517069417e-01 5.766643765595531601e-01 4.000000000000000000e+00
7.813745411390986551e-01 1.633070276039414015e+00 1.000000000000000000e+00
7.004630420456758877e-01 1.197653650661675506e+00 1.000000000000000000e+00
1.023811328102476992e+00 1.168583801357318208e+00 1.000000000000000000e+00
4.803160311780821368e-01 1.373463990997251027e+00 4.000000000000000000e+00
1.304575356854780432e+00 -3.017498172933479328e-01 2.000000000000000000e+00
6.603202741362436123e-01 4.602865572218163281e-01 2.000000000000000000e+00
7.318434595922406194e-01 1.361812432920307625e+00 1.000000000000000000e+00
8.044328211164069042e-01 1.040013627914941452e+00 1.000000000000000000e+00
3.518221878522186929e-01 1.086583784060764168e+00 4.000000000000000000e+00
1.259915993635844500e-01 2.982413554983713300e-01 3.000000000000000000e+00
1.004286813052114535e+00 -1.352999172197421052e-01 2.000000000000000000e+00
4.115558441804258449e-01 1.384082946979339424e+00 4.000000000000000000e+00
1.493204908795484842e+00 1.394865790733986533e+00 1.000000000000000000e+00
7.297683475873741887e-01 6.639150823495356679e-01 1.000000000000000000e+00
5.088917726880498593e-01 2.759256674960267053e-01 2.000000000000000000e+00
1.889183185265880804e-01 5.133256691716199249e-01 4.000000000000000000e+00
1.308480764972356658e+00 1.613659124552272450e+00 1.000000000000000000e+00
7.948153517165051918e-01 1.417263482225082694e+00 1.000000000000000000e+00
1.415931941934080340e+00 1.526686623609392335e+00 1.000000000000000000e+00
5.607493804573502327e-01 4.908711685587350271e-01 2.000000000000000000e+00
4.829272007330135397e-01 2.620314166765932429e-01 3.000000000000000000e+00
4.259404506100384347e-01 6.312227561278285215e-01 4.000000000000000000e+00
1.268737870956065938e+00 1.468781433726463970e+00 1.000000000000000000e+00
4.115060753439303554e-01 1.415410418899785971e-01 3.000000000000000000e+00
9.890294002205087809e-01 6.472325847874219606e-01 1.000000000000000000e+00
1.596945110578734672e-01 3.110148054760141223e-01 3.000000000000000000e+00
3.667750256420182486e-01 4.385983141581076827e-01 3.000000000000000000e+00
6.255846045940760547e-01 1.197963156985931255e+00 1.000000000000000000e+00
7.539009884625494373e-02 3.350989463482920705e-01 3.000000000000000000e+00
5.174667060509097194e-01 3.314219058107691351e-01 2.000000000000000000e+00
5.020604195463929109e-01 1.474144258185757117e+00 1.000000000000000000e+00
9.204997036594281257e-01 3.250779800539331799e-01 2.000000000000000000e+00
1.087486100799449185e+00 -7.504684084409191103e-02 2.000000000000000000e+00
1.110154634856009848e-01 7.037690888154193303e-01 4.000000000000000000e+00
4.499785356895414368e-01 1.296194655151723385e+00 3.000000000000000000e+00
1.075022275157244245e+00 9.409504324734526692e-01 1.000000000000000000e+00
7.662107937346256392e-01 -5.519620413376163937e-02 2.000000000000000000e+00
8.063983516485577763e-01 9.481408801182096280e-01 1.000000000000000000e+00
9.468687368973722762e-01 9.224715526446597424e-01 1.000000000000000000e+00
2.556226238943210549e-01 1.121192420197627992e+00 4.000000000000000000e+00
9.140082638313156149e-01 3.608231920481100308e-01 2.000000000000000000e+00
3.211206977447239597e-01 1.237482383846666423e+00 4.000000000000000000e+00
3.504028974799466845e-01 3.607046773968162201e-01 3.000000000000000000e+00
1.276016593266536159e+00 1.229399000244309814e+00 1.000000000000000000e+00
2.060178684948554828e-01 9.882155755552836096e-01 4.000000000000000000e+00
1.320943537325442119e+00 -1.416162994526925512e-01 2.000000000000000000e+00
4.972412490818340913e-01 5.832208930110723832e-01 4.000000000000000000e+00
5.846550016316826026e-01 2.777853300547451498e-01 2.000000000000000000e+00
5.324696149139874768e-01 1.435101281357713532e+00 1.000000000000000000e+00
1.256797156776005897e+00 -1.743319521995378429e-01 2.000000000000000000e+00
1.459975644831244201e+00 1.603030833405300282e+00 1.000000000000000000e+00
1.212197430751317695e+00 1.451374625173921684e+00 1.000000000000000000e+00
9.483352794734400959e-01 3.380087685490490435e-02 2.000000000000000000e+00
8.623836855935016477e-01 1.196148129947517402e-01 2.000000000000000000e+00
2.693791252713380047e-01 5.952004443801860445e-01 4.000000000000000000e+00
3.132255459180107726e-01 2.735408756578304734e-01 4.000000000000000000e+00
7.274402707082838759e-01 9.362511175784743456e-01 1.000000000000000000e+00
1.349312548690422942e+00 1.480554384226356213e+00 1.000000000000000000e+00
6.809727177595816805e-01 5.135685460272501057e-01 1.000000000000000000e+00
1.708945193457285683e+00 1.783853206297045357e+00 1.000000000000000000e+00
1.417243665899965865e+00 1.724556836047633768e+00 1.000000000000000000e+00
8.444601387938761583e-01 1.729549442858701269e+00 1.000000000000000000e+00
1.009746245694231881e+00 9.974492316391723179e-01 1.000000000000000000e+00
9.678700182354118553e-01 -4.374749707288844158e-02 2.000000000000000000e+00
1.481708403723904777e-01 5.043249943145496905e-01 4.000000000000000000e+00
1.282879310442102794e+00 1.487645921337902077e+00 1.000000000000000000e+00
3.937968516496883620e-01 1.459266535697024469e+00 3.000000000000000000e+00
1.068781139983521644e+00 -5.789159067420501792e-03 2.000000000000000000e+00
1.373222888533292663e+00 5.825809873169573994e-02 2.000000000000000000e+00
3.827934576536566880e-01 6.597524232536985389e-01 4.000000000000000000e+00
1.188368278562403013e+00 1.279937517029924088e+00 1.000000000000000000e+00
5.398451040637577414e-01 3.009141571596286036e-01 2.000000000000000000e+00
5.380968346078247588e-01 1.563067772294173707e+00 1.000000000000000000e+00
1.131765972058369263e+00 1.444569425079978764e+00 1.000000000000000000e+00
5.826924750074892190e-01 4.043080051717097279e-01 2.000000000000000000e+00
1.826131497571181539e+00 1.618099459413214092e+00 1.000000000000000000e+00
1.188551234790359956e+00 -1.792006945330018031e-01 2.000000000000000000e+00
7.134668836046687002e-01 8.184653317349822599e-01 1.000000000000000000e+00
5.801319471788164428e-01 1.725658131380134019e+00 1.000000000000000000e+00
7.597019871444955497e-01 5.261206679635259675e-01 1.000000000000000000e+00
4.073210883981757680e-01 4.623230041011240909e-01 3.000000000000000000e+00
7.820070975382154010e-01 1.378247076328146248e-01 2.000000000000000000e+00
5.963968602848598310e-01 9.344594168498258080e-01 1.000000000000000000e+00
5.817795583022464800e-01 3.091193033542686819e-01 2.000000000000000000e+00
2.390731481355096721e-01 1.020984657779894000e+00 4.000000000000000000e+00
1.024657784316692410e+00 1.137035969008971747e+00 1.000000000000000000e+00
1.031390251048335038e+00 1.051244671104255790e+00 1.000000000000000000e+00
8.444435224656403616e-01 -3.919687515495329233e-02 2.000000000000000000e+00
1.026882692348583426e+00 1.487536016183972132e+00 1.000000000000000000e+00
2.512340309740557776e-01 4.426536428157915037e-01 3.000000000000000000e+00
8.344262873362879862e-01 -1.381881044200013453e-01 2.000000000000000000e+00
2.289223777701989704e-01 1.510644531234001109e-01 3.000000000000000000e+00
4.523229716679709744e-01 4.695952614508661638e-01 3.000000000000000000e+00
5.198546476616069389e-01 4.946408328156396417e-01 2.000000000000000000e+00
1.140021890028695584e+00 9.099113870873708487e-01 1.000000000000000000e+00
1.421572366067191062e+00 1.310057975493774451e+00 1.000000000000000000e+00
6.391004366151203930e-01 1.936820221546703413e-01 2.000000000000000000e+00
4.066514694072093095e-01 2.199414610348866539e-01 3.000000000000000000e+00
9.383079896446724355e-01 4.235267282888532381e-01 2.000000000000000000e+00
1.101532001612575362e+00 1.927371101060566527e-01 2.000000000000000000e+00
4.125232385121725409e-01 2.559464435024774165e-01 3.000000000000000000e+00
2.966494099124117323e-01 1.575322987622677084e-01 4.000000000000000000e+00
1.252898276384267984e+00 4.532851661533165988e-02 2.000000000000000000e+00
1.241331782172981901e-01 4.741015414938853922e-02 3.000000000000000000e+00
4.348023224098344630e-01 2.955359048139574729e-01 4.000000000000000000e+00
1.378746301829792298e+00 -6.589153996260044277e-02 2.000000000000000000e+00
4.487299691050855022e-01 7.674975634931270330e-01 4.000000000000000000e+00
7.179112846626543032e-01 5.868722283038537713e-01 1.000000000000000000e+00
4.336960739990058933e-01 5.529857654098563335e-01 4.000000000000000000e+00
8.183019492630942970e-01 3.398534647981347190e-01 2.000000000000000000e+00
4.044173077832320384e-01 8.908682231153104425e-01 4.000000000000000000e+00
1.342054265898417587e+00 1.732835168176905860e+00 1.000000000000000000e+00
7.757813613258484065e-01 1.183755678561325020e+00 1.000000000000000000e+00
1.091462497784636110e+00 1.130191984978604847e+00 1.000000000000000000e+00
2.445170872079453217e-01 3.069230564181792964e-01 3.000000000000000000e+00
8.030790228141151399e-01 1.746128553785524451e+00 1.000000000000000000e+00
4.517562243661106258e-01 1.354796720142551703e+00 4.000000000000000000e+00
2.332679982832412402e-01 2.795707096575234529e-01 3.000000000000000000e+00
4.108843936854809642e-01 6.122002682822973163e-02 3.000000000000000000e+00
1.085511961396163239e+00 1.108879804813313719e+00 1.000000000000000000e+00
1.274394397466464657e+00 -1.647200809781980135e-01 2.000000000000000000e+00
1.431739093687411035e+00 1.307289562420353768e+00 1.000000000000000000e+00
1.198416288736532387e+00 1.449122907489142076e+00 1.000000000000000000e+00
1.167327181715729356e+00 1.107828157650362577e+00 1.000000000000000000e+00
4.004719012251961030e-01 1.277468531942087981e+00 4.000000000000000000e+00
6.916393773817504087e-01 3.954762751468169357e-01 2.000000000000000000e+00
7.025639021649734417e-01 1.497195803382520340e+00 1.000000000000000000e+00
4.043302101933973214e-01 4.478380144539135799e-01 3.000000000000000000e+00
1.248842878588961813e+00 1.271807736256586940e+00 1.000000000000000000e+00
5.055784735762602899e-01 1.194399231040389919e+00 1.000000000000000000e+00
4.386463867928107607e-01 6.525689220851338401e-01 1.000000000000000000e+00
4.400052062975375322e-01 1.421630507890211614e+00 4.000000000000000000e+00
1.010436712240546431e+00 -3.103559704546338116e-02 2.000000000000000000e+00
1.219645366119810337e+00 -2.407751509918935051e-01 2.000000000000000000e+00
3.390770840273708564e-01 3.959037191845447556e-01 3.000000000000000000e+00
1.215897298085039324e+00 1.600621672115413840e+00 1.000000000000000000e+00
1.102737513215330534e+00 -9.227107723082966784e-02 2.000000000000000000e+00
5.411611245734673226e-01 1.895828458167942543e+00 1.000000000000000000e+00
1.182383684233921484e+00 1.484457948100264879e+00 1.000000000000000000e+00
3.786349341735422702e-01 4.570452316230209644e-01 3.000000000000000000e+00
1.592742955527090221e+00 1.609008167461694283e+00 1.000000000000000000e+00
6.481153939645313278e-01 1.568330838576960318e+00 1.000000000000000000e+00
3.285307659684595372e-01 1.063950499377852799e+00 1.000000000000000000e+00
1.024525713420278095e+00 1.686397139084637731e-01 2.000000000000000000e+00
6.834398987575940332e-01 1.310605251835992746e+00 1.000000000000000000e+00
9.435498901400207750e-01 2.328365016514887809e-01 2.000000000000000000e+00
2.813447013290583665e-01 1.133233032677689156e+00 4.000000000000000000e+00
1.444287479225556114e-01 1.888256893715891116e-01 3.000000000000000000e+00
1.114730724846694443e+00 8.016435871920635226e-03 2.000000000000000000e+00
3.855303742599081041e-01 1.209354075213386448e+00 3.000000000000000000e+00
8.981692275173231987e-01 1.124400153520354273e+00 1.000000000000000000e+00
1.164671373117452946e+00 -1.160705917259471365e-01 2.000000000000000000e+00
5.116494439616898759e-01 1.500551790420379117e-01 2.000000000000000000e+00
6.988055411127074290e-01 1.064622496230756443e+00 1.000000000000000000e+00
4.361393633965567340e-01 1.070570789761368380e-01 3.000000000000000000e+00
5.953957236645190942e-01 8.850638320495725075e-01 1.000000000000000000e+00
5.382838534234992700e-01 8.987088990462366311e-01 1.000000000000000000e+00
